AE_L2 selected features UNSW
sf= [13, 18, 11, 39, 14, 33, 9, 40, 12, 19, 36, 10, 21, 24, 30, 42, 8, 16, 17, 25, 15, 1, 7, 31, 27, 29, 23, 4, 3, 37]

FSFC selected features UNSW
sf=[0, 31, 41, 40, 36, 26, 22, 21, 34, 33, 32, 9, 3, 11, 35, 4, 24, 25, 12, 23, 20, 10, 28, 5, 6, 14, 27, 15, 13, 17, 2, 18, 1, 19, 8, 39]

AE_L2 selected features NSL KDD
sf=[29, 3, 21, 9, 23, 18, 31, 33, 20, 26, 14, 11, 39, 27, 30, 10, 32, 7, 22, 13, 8, 19, 16, 12, 35, 17, 36, 37, 5, 28]

FSFC selected features NSL KDD
sf=[2, 32, 33, 22, 3, 31, 28, 37, 24, 25, 38, 11, 35, 30, 29, 1, 36, 39, 23, 34, 27, 40, 26, 0, 9, 5, 4, 12, 21, 7, 15, 18, 16, 13]

AE selected features NSL KDD
[9, 12, 18, 0, 21, 1, 32, 27, 26, 19, 2, 34, 36, 13, 5, 35, 38, 24, 20, 39, 37, 4, 29, 17, 28, 7, 40, 25, 15, 6]