54.463635038624105
[27, 22, 37, 13, 24, 16, 34, 5, 40, 38, 4, 6, 15, 35, 33, 10, 29, 14, 1, 8, 20, 23, 36, 12, 31, 30, 21, 7, 18, 11]

59.90380411018802
[13, 18, 11, 39, 14, 33, 9, 40, 12, 19, 36, 10, 21, 24, 30, 42, 8, 16, 17, 25, 15, 1, 7, 31, 27, 29, 23, 4, 3, 37]

56.427634455618715
[33, 36, 32, 35, 26, 24, 34, 39, 37, 16, 9, 21, 13, 38, 22, 10, 42, 25, 8, 31, 12, 6, 27, 30, 19, 11, 18, 14, 15, 29]

57.24991497838021
[13, 29, 2, 21, 18, 28, 25, 9, 5, 41, 27, 15, 1, 35, 22, 11, 30, 17, 3, 32, 31, 33, 14, 7, 16, 8, 23, 24, 10, 4]

batch size    acc- L		acc- L_sup	acc-RF
2000             64%		-		-
1000*           65.811%	64.75%		59.903%

